
7411111510111810599495051
741111151011181059911611111449505152
74111115101
7411111510111810599116111114495051
106111115101
106111115101
10611111510111810599116111114
106111115101
10611111510111810599116111114
741111151011181059911611111449
74111115101118105991161111144950
74111115101118105991161111144950
74111115101118105991161111144950
10679115101118105991161111144950
7411111510111810599116111114495051
7411111510111810599116111114495051
7411111510111810599116111114495051
7411111510111810599116111114495051
7411111510111810599116111114495051
7411111510111810599116111114495051
7411111510111810599116111114495051
7411111510111810599116111114495051
7411111510111810599116111114495051
74111115101118105991161111144950
